# Created by Octave 5.1.0, Mon Nov 04 22:27:42 2019 EST <honda@honda-laptop>
# name: A
# type: matrix
# rows: 2
# columns: 2
 1 2
 3 4


# name: A2
# type: matrix
# rows: 2
# columns: 2
 1 2
 3 4


# name: C
# type: matrix
# rows: 2
# columns: 3
 0 0 0
 0 0 0


# name: D
# type: matrix
# rows: 2
# columns: 3
 1 1 1
 1 1 1


# name: E
# type: diagonal matrix
# rows: 2
# columns: 2
1
1


# name: N
# type: matrix
# rows: 5
# columns: 5
 1.8264636644728904 -8.5158089153392318 -3.6572751717547884 -0.46232091069428982 5.8278409510646227
 11.045419131108654 6.0297173363838912 6.5943607236340558 -3.1536112249960428 6.1098770062486043
 -0.43913531619456059 6.8932067891283975 7.7572123386833178 -15.468177655406265 6.1476501887398198
 -0.5290672761117996 3.9658989021440147 10.147763993574575 0.27947553517656853 -3.2735118554677847
 -3.6229004201093034 -1.8120578734811401 3.4619010008692448 4.8184131811996309 -0.079481763499756219


# name: X
# type: matrix
# rows: 2
# columns: 91
 1 1.1000000000000001 1.2 1.3 1.3999999999999999 1.5 1.6000000000000001 1.7000000000000002 1.8 1.8999999999999999 2 2.1000000000000001 2.2000000000000002 2.2999999999999998 2.4000000000000004 2.5 2.6000000000000001 2.7000000000000002 2.7999999999999998 2.9000000000000004 3 3.1000000000000001 3.2000000000000002 3.3000000000000003 3.4000000000000004 3.5 3.6000000000000001 3.7000000000000002 3.8000000000000003 3.9000000000000004 4 4.0999999999999996 4.2000000000000002 4.3000000000000007 4.4000000000000004 4.5 4.5999999999999996 4.7000000000000002 4.8000000000000007 4.9000000000000004 5 5.1000000000000005 5.2000000000000002 5.2999999999999998 5.4000000000000004 5.5 5.6000000000000005 5.7000000000000002 5.8000000000000007 5.9000000000000004 6 6.1000000000000005 6.2000000000000002 6.3000000000000007 6.4000000000000004 6.5 6.6000000000000005 6.7000000000000002 6.8000000000000007 6.9000000000000004 7 7.1000000000000005 7.2000000000000002 7.3000000000000007 7.4000000000000004 7.5 7.6000000000000005 7.7000000000000002 7.8000000000000007 7.9000000000000004 8 8.1000000000000014 8.1999999999999993 8.3000000000000007 8.4000000000000004 8.5 8.6000000000000014 8.6999999999999993 8.8000000000000007 8.9000000000000004 9 9.0999999999999996 9.2000000000000011 9.3000000000000007 9.4000000000000004 9.5 9.5999999999999996 9.7000000000000011 9.8000000000000007 9.9000000000000004 10
 1 1.1000000000000001 1.2 1.3 1.3999999999999999 1.5 1.6000000000000001 1.7000000000000002 1.8 1.8999999999999999 2 2.1000000000000001 2.2000000000000002 2.2999999999999998 2.4000000000000004 2.5 2.6000000000000001 2.7000000000000002 2.7999999999999998 2.9000000000000004 3 3.1000000000000001 3.2000000000000002 3.3000000000000003 3.4000000000000004 3.5 3.6000000000000001 3.7000000000000002 3.8000000000000003 3.9000000000000004 4 4.0999999999999996 4.2000000000000002 4.3000000000000007 4.4000000000000004 4.5 4.5999999999999996 4.7000000000000002 4.8000000000000007 4.9000000000000004 5 5.1000000000000005 5.2000000000000002 5.2999999999999998 5.4000000000000004 5.5 5.6000000000000005 5.7000000000000002 5.8000000000000007 5.9000000000000004 6 6.1000000000000005 6.2000000000000002 6.3000000000000007 6.4000000000000004 6.5 6.6000000000000005 6.7000000000000002 6.8000000000000007 6.9000000000000004 7 7.1000000000000005 7.2000000000000002 7.3000000000000007 7.4000000000000004 7.5 7.6000000000000005 7.7000000000000002 7.8000000000000007 7.9000000000000004 8 8.1000000000000014 8.1999999999999993 8.3000000000000007 8.4000000000000004 8.5 8.6000000000000014 8.6999999999999993 8.8000000000000007 8.9000000000000004 9 9.0999999999999996 9.2000000000000011 9.3000000000000007 9.4000000000000004 9.5 9.5999999999999996 9.7000000000000011 9.8000000000000007 9.9000000000000004 10


# name: Y
# type: matrix
# rows: 2
# columns: 4
 1 2 1 2
 3 4 3 4


# name: Z
# type: matrix
# rows: 4
# columns: 6
 1 2 1 2 1 2
 3 4 3 4 3 4
 1 2 1 2 1 2
 3 4 3 4 3 4


# name: Z2
# type: matrix
# rows: 2
# columns: 4
 1 2 1 2
 3 4 3 4


# name: a
# type: matrix
# rows: 1
# columns: 4
 1 2 3 4


# name: a2
# type: matrix
# rows: 1
# columns: 4
 1 2 3 4


# name: ans
# type: matrix
# rows: 2
# columns: 1
 2
 4


# name: b
# type: matrix
# rows: 1
# columns: 10
 1 2 3 4 5 6 7 8 9 10


# name: c
# type: matrix
# rows: 1
# columns: 91
 1 1.1000000000000001 1.2 1.3 1.3999999999999999 1.5 1.6000000000000001 1.7000000000000002 1.8 1.8999999999999999 2 2.1000000000000001 2.2000000000000002 2.2999999999999998 2.4000000000000004 2.5 2.6000000000000001 2.7000000000000002 2.7999999999999998 2.9000000000000004 3 3.1000000000000001 3.2000000000000002 3.3000000000000003 3.4000000000000004 3.5 3.6000000000000001 3.7000000000000002 3.8000000000000003 3.9000000000000004 4 4.0999999999999996 4.2000000000000002 4.3000000000000007 4.4000000000000004 4.5 4.5999999999999996 4.7000000000000002 4.8000000000000007 4.9000000000000004 5 5.1000000000000005 5.2000000000000002 5.2999999999999998 5.4000000000000004 5.5 5.6000000000000005 5.7000000000000002 5.8000000000000007 5.9000000000000004 6 6.1000000000000005 6.2000000000000002 6.3000000000000007 6.4000000000000004 6.5 6.6000000000000005 6.7000000000000002 6.8000000000000007 6.9000000000000004 7 7.1000000000000005 7.2000000000000002 7.3000000000000007 7.4000000000000004 7.5 7.6000000000000005 7.7000000000000002 7.8000000000000007 7.9000000000000004 8 8.1000000000000014 8.1999999999999993 8.3000000000000007 8.4000000000000004 8.5 8.6000000000000014 8.6999999999999993 8.8000000000000007 8.9000000000000004 9 9.0999999999999996 9.2000000000000011 9.3000000000000007 9.4000000000000004 9.5 9.5999999999999996 9.7000000000000011 9.8000000000000007 9.9000000000000004 10


# name: u
# type: matrix
# rows: 10
# columns: 1
 10.615413159620656
 12.096971005385221
 10.326308229629111
 13.347050441685903
 7.1320901723565253
 12.78187125123584
 7.9302690962160725
 10.21118464385334
 9.0663971469218829
 13.389192984884243


# name: x
# type: matrix
# rows: 1
# columns: 20
 1 2 3 4 5 6 7 8 9 10 11 12 13 14 15 16 17 18 19 20


# name: x2
# type: matrix
# rows: 1
# columns: 7
 1 4 7 10 13 16 19


